.Random.seed <-
c(403L, 10L, -426573126L, 696926981L, 1769896159L, 1347461478L, 
1171776752L, 1873047571L, 88520113L, -1151774624L, -1007747586L, 
-1891833463L, 491454139L, -741148022L, 87188844L, 229147375L, 
486710565L, -1139045412L, 882133426L, -1568266067L, 580606055L, 
935833486L, -1091078040L, -1613257621L, -966152695L, -2066206568L, 
-130442298L, -1831432415L, -587228237L, -1162341598L, 1843275028L, 
-735976041L, -244646515L, -1337647964L, 1596423818L, -830294795L, 
-1378284721L, 1269691478L, -1036912896L, -519171517L, -982603295L, 
1050258768L, 1273643950L, -563158695L, -1415381141L, 1946234586L, 
-1416421476L, -118029409L, 1957571061L, -1448358772L, -2028333726L, 
1127950653L, -472415817L, 1919182430L, -1907101800L, -457203973L, 
971101849L, 157630248L, 1962636758L, 1728576081L, -1669091069L, 
-1408996206L, 465855012L, -2070258457L, -1353903811L, 449496500L, 
-2101282278L, 279986533L, 371183615L, -1747048826L, -988799472L, 
-798202701L, 1511350097L, -1816521984L, -292148770L, 1931866665L, 
1101767131L, -1893249302L, 1213447308L, -281369649L, 34184069L, 
-1280567236L, 1449253138L, -1012199923L, -483328697L, -1651550418L, 
-666195320L, -150774901L, 1349794665L, 671364408L, 542726118L, 
1113304961L, -88520941L, 777048258L, -1224086668L, 1601197943L, 
243331181L, -808431868L, -1601712598L, -1345084523L, -112875473L, 
-1130585802L, -424181408L, 2121179043L, -646928191L, -849471312L, 
-1342347314L, -140657863L, 1681527627L, -892270342L, -1989586436L, 
-778456513L, -1918953707L, 1260119084L, -1389880062L, -590023203L, 
-990067497L, -1475006530L, 362269176L, -188158501L, -265436103L, 
2115216776L, -2011975370L, -1348727951L, 501639587L, 878810354L, 
2127300676L, -617862393L, 1526180573L, -1557646380L, -1136594182L, 
-1095719355L, -383123809L, 1734542374L, -1381044048L, -943756973L, 
1002632305L, -1877333600L, 1656874302L, -1432116151L, 948908283L, 
1618213066L, 1864850988L, 1713381935L, 1307319013L, 1292091292L, 
-362702350L, -1115048851L, 1549866407L, -470761522L, 2114444584L, 
-1568817365L, 307995977L, 786156120L, 1719468806L, -1005834527L, 
-1682216333L, 123163362L, 1582927444L, -1962469545L, -1153569971L, 
1793662692L, 1545985738L, -1754620107L, 984814991L, -2043145578L, 
-152458688L, -855901437L, -370996447L, 720497680L, 42884078L, 
372329369L, 238490667L, -425160422L, -1382177828L, -273938977L, 
279015861L, -695361716L, -624740958L, -1581378307L, -830309897L, 
-290179298L, 1680886232L, 1105863483L, -378256167L, 580847720L, 
1362288022L, 788251921L, 1820862147L, -1084053806L, 555786084L, 
873931431L, 974785533L, 682720756L, 300735194L, 2085280805L, 
451236159L, 1510164166L, 1097845584L, -1652247693L, 1544529297L, 
408610752L, 442077598L, 674847593L, 199380891L, 181679786L, -121929524L, 
353042831L, 151868869L, 514652540L, -1667249710L, -1765362355L, 
178563079L, 1798637550L, 600288968L, 1261945291L, -47762391L, 
1712398968L, -1494478938L, -19068479L, -440549805L, 1482282242L, 
1522979892L, 1499604407L, 884656557L, -1854469436L, -1622569238L, 
15671637L, 294246127L, -312287940L, -938655852L, 229339010L, 
-513245248L, 386516540L, -1327564400L, 1794675746L, 1725544712L, 
-1533324148L, 712057628L, 409585810L, 398539136L, 1652653076L, 
-393326808L, 397309498L, 445964752L, 338571628L, 500864948L, 
662662674L, -1439198240L, -1742187060L, 628356320L, -12468190L, 
485746472L, -1523554804L, 1265845052L, -872754190L, 1603767024L, 
2090936900L, 150931032L, -1870518470L, 1006945264L, 690263740L, 
195802388L, -2082434878L, -1640891296L, -1688954500L, 1398237136L, 
-1717384926L, -154698072L, 1672981388L, 1199099068L, -1474781390L, 
-1099615680L, -1337334604L, 1237029960L, 792271290L, 91737616L, 
-575031060L, -2008831660L, -992917742L, -196827744L, -99775796L, 
1571243616L, 324186050L, -665763032L, 1326292396L, -1995501252L, 
-1222619278L, 1906549040L, 1017134884L, 478516536L, -1497597222L, 
-1485351024L, -1206930692L, -1372586092L, 2076375106L, 593603840L, 
-536376260L, 1897700688L, 122841250L, 1298171720L, -47425780L, 
-373851428L, 774374226L, 136110720L, 743114836L, 1811799016L, 
2006488826L, 2062739792L, 1853743916L, 1299085172L, -274820206L, 
1990424160L, -864755828L, 2029192032L, 556083170L, -1979879512L, 
750222540L, -2059358724L, -1295807566L, -1543280144L, -564368956L, 
-1246465704L, 1005544826L, 484143536L, -519581764L, 66121812L, 
-930200638L, 44557344L, -615052100L, -1501042096L, -1534455838L, 
385955432L, -775288244L, 1054949628L, 70316018L, 1736670464L, 
-2068768908L, 282877960L, -1954966086L, -1342448176L, -965213204L, 
1517592468L, -2095322158L, 831879008L, 1560057164L, 1990343968L, 
-1126132862L, -494556440L, -2021100308L, 1480014396L, 1978915698L, 
-886248848L, 1098024996L, 978663224L, 1062796442L, 1362113232L, 
-1157439300L, 446965396L, -415742334L, -590521152L, -872246980L, 
121495696L, 1248877090L, 1146115592L, 809586956L, 1036239516L, 
173235730L, -495653504L, 866315796L, -1374656984L, 1846515002L, 
-814970928L, -1777679764L, 1438410548L, 870060690L, 1611233632L, 
852934988L, 87941088L, 1890553762L, -1186187352L, 2144779148L, 
1651463868L, -792994958L, -673961744L, 391305284L, 1972182360L, 
-87997382L, -1470553232L, 56927292L, 1539431188L, 638159298L, 
144486624L, -225532036L, 446623440L, -120043870L, -1357454296L, 
332138764L, -1945492548L, 95743282L, 1523425216L, -468626892L, 
1990904776L, 1450525882L, 2083155856L, -1822767636L, 1232191572L, 
-273052014L, 675724064L, 694943180L, -1773491232L, -1763323198L, 
-1713886680L, 133750444L, -220466500L, 458220018L, 1898113328L, 
2022218916L, -1167830344L, 767142746L, -328274544L, 591847804L, 
-1749197548L, 657967426L, -1999338752L, 1318280124L, 1963199312L, 
124723490L, -689435320L, 192010252L, -476006308L, 1483723986L, 
-414349312L, -52327596L, -1773555224L, 420030458L, -130029872L, 
-1684531924L, 726456564L, 1976260498L, -1912435616L, 204508428L, 
-884742432L, -380195486L, -2112748888L, -296834484L, 893388668L, 
-548713678L, -154661264L, 1724276036L, -592303144L, 759881850L, 
1765266992L, -538846532L, -1097959596L, 1189902914L, 1723294314L, 
-329919736L, -545866831L, -1786368989L, -553663196L, -1912577582L, 
-842178009L, 1549593713L, 168194742L, 1479138900L, -771357979L, 
302087919L, -1652483544L, -1771082106L, -468907853L, 703725077L, 
-1485115278L, 1381366976L, -675925719L, -749230181L, 1208983660L, 
1670534266L, 1042685359L, 2078923961L, 1554106062L, 2079564828L, 
417847181L, 2109325815L, -1505626880L, 1452852062L, 715818027L, 
1769675565L, -1100167270L, 482579800L, 851024065L, -1233041549L, 
138734740L, 239491362L, 1700382775L, -1020241663L, -1859630074L, 
1770850884L, 1844626293L, -1440315681L, 311681592L, 1491741206L, 
-179331549L, 693148133L, 912058370L, -179101072L, 363710489L, 
-663895541L, 1007913212L, 1653978410L, -1356100769L, -856892695L, 
-2140749314L, -1533407764L, 1099324733L, 503948551L, -197417744L, 
730929294L, 199848635L, -1923462499L, 1285680714L, -616967064L, 
-332182447L, 1142036291L, 191607364L, 896573682L, -651539257L, 
1276090001L, 1066838038L, -500493708L, -1860639483L, 102128463L, 
-157878968L, 527984870L, -1566163437L, 607142261L, -1678060206L, 
839447968L, 1243194505L, 641352891L, 1348581132L, 229744282L, 
-1636457457L, -1416601511L, -559297298L, -622229636L, 2010428397L, 
-1012122473L, 57689952L, -26288322L, -1514602485L, 1369573517L, 
379867578L, 1019215864L, 1413594017L, 1252308307L, 627158132L, 
-2061730302L, 65884311L, 1232609889L, 700463782L, 1901699748L, 
-1042553003L, 1286745087L, 1934965400L, 611622838L, 310268995L, 
-373764731L, 1689114146L, 151637264L, 1360829625L, 32432491L, 
-1437298596L, 874421642L, 1077373311L, -701418295L, 1615563102L, 
1897802252L, -1222701603L, -1633233689L, -620564208L, 162730030L, 
-2146490661L, 742449085L, 1055127850L, 2002447816L, 780694257L, 
-1679369117L, 1628137572L, 2021041042L, -673896345L, 284260401L, 
-1947596426L, 1165293204L, -1086653275L, -1469619793L, -245433752L, 
-570965434L, -817797133L, -1395124395L, 477169970L, 972856576L, 
-1675338263L, 1536551003L, -1423623508L, 1383146682L, -446306705L, 
